325 
355 
330 
331 
327 
254 
251 
251 
289 
312 
287 
319 
345 
316 
376 
318 
374 
256 
255 
374 
252 
238 
253 
240 
239 
46 
61 
438 
293 
290 
378 
61 
55 
125 
274 
379 
234 
165 
24 
166 
135 
49 
34 
122 
306 
279 
431 
432 
303 
297 
368 
231 
424 
20 
21 
60 
56 
119 
20 
430 
382 
54 
202 
19 
42 
19 
17 
154 
213 
209 
392 
384 
228 
227 
40 
189 
190 
8 
151 
152 
91 
29 
218 
205 
205 
224 
52 
51 
189 
14 
338 
150 
82 
149 
389 
50 
344 
343 
10 
417 
32 
32 
93 
391 
180 
15 
351 
141 
346 
345 
345 
346 
74 
75 
76 
108 
108 
323 
220 
321 
351 
350 
348 
345 
76 
334 
414 
269 
69 
270 
229 
271 
271 
275 
276 
113 
325 
322 
397 
351 
398 
349 
415 
11 
249 
97 
78 
97 
118 
331 
328 
329 
325 
346 
352 
243 
249 
80 
78 
233 
411 
411 
270 
132 
232 
226 
225 
30 
343 
343 
287 
348 
316 
259 
289 
102 
3 
288 
285 
265 
265 
265 
281 
116 
339 
310 
364 
313 
313 
235 
198 
287 
44 
237 
265 
284 
340 
370 
311 
310 
232 
323 
313 
198 
27 
330 
97 
263 
236 
138 
136 
237 
61 
162 
53 
162 
162 
128 
295 
328 
97 
24 
314 
166 
166 
89 
239 
161 
238 
33 
139 
169 
164 
18 
214 
216 
304 
277 
427 
427 
273 
297 
276 
275 
375 
420 
417 
268 
421 
421 
229 
264 
318 
20 
90 
262 
261 
142 
52 
210 
117 
208 
209 
213 
374 
301 
364 
192 
189 
192 
135 
17 
191 
134 
194 
157 
240 
70 
83 
144 
206 
70 
376 
206 
202 
225 
226 
365 
364 
167 
188 
7 
410 
259 
147 
88 
209 
376 
210 
211 
377 
416 
222 
221 
185 
366 
366 
187 
14 
410 
145 
146 
147 
155 
205 
208 
381 
87 
87 
408 
138 
11 
143 
255 
407 
66 
246 
153 
383 
383 
382 
87 
183 
253 
253 
69 
73 
74 
74 
179 
71 
103 
387 
178 
398 
395 
326 
291 
378 
237 
2 
61 
129 
124 
429 
56 
306 
297 
168 
196 
168 
22 
279 
229 
192 
32 
208 
426 
51 
7 
338 
150 
83 
31 
211 
386 
205 
64 
12 
155 
28 
114 
11 
342 
146 
337 
390 
49 
66 
182 
344 
143 
107 
69 
110 
220 
394 
348 
24 
106 
105 
396 
415 
289 
270 
270 
279 
252 
81 
266 
112 
278 
288 
293 
249 
405 
288 
264 
336 
288 
308 
314 
100 
237 
101 
43 
135 
59 
222 
233 
234 
50 
131 
120 
128 
278 
309 
303 
371 
424 
264 
231 
98 
319 
133 
166 
167 
141 
217 
371 
419 
418 
421 
322 
165 
241 
49 
152 
58 
208 
304 
416 
414 
19 
146 
143 
179 
113 
206 
14 
304 
224 
417 
16 
136 
18 
243 
183 
194 
194 
148 
81 
173 
112 
203 
378 
137 
12 
195 
244 
244 
379 
86 
138 
188 
141 
141 
245 
108 
380 
380 
172 
405 
404 
102 
180 
401 
332 
47 
236 
134 
48 
123 
429 
386 
423 
212 
421 
188 
169 
16 
190 
153 
210 
388 
339 
88 
9 
186 
72 
414 
70 
104 
326 
20 
415 
350 
249 
45 
279 
339 
286 
356 
291 
240 
82 
280 
98 
409 
284 
126 
305 
422 
260 
320 
47 
123 
372 
420 
309 
199 
92 
164 
52 
295 
267 
266 
166 
21 
50 
159 
70 
276 
227 
135 
190 
242 
145 
157 
115 
18 
210 
375 
413 
242 
204 
257 
197 
153 
406 
10 
386 
182 
01 
100 
245 
288 
1 
280 
55 
232 
23 
136 
62 
15 
138 
22 
151 
387 
396 
342 
347 
23 
336 
109 
24 
71 
327 
325 
102 
330 
79 
332 
344 
298 
238 
40 
363 
257 
290 
236 
45 
361 
136 
215 
321 
99 
230 
153 
154 
364 
150 
409 
366 
145 
153 
142 
11 
247 
386 
388 
398 
358 
273 
262 
278 
25 
300 
230 
35 
135 
277 
63 
115 
30 
207 
65 
392 
416 
47 
146 
77 
145 
395 
30 
288 
254 
250 
427 
163 
35 
35 
215 
427 
198 
22 
415 
417 
200 
149 
172 
258 
185 
144 
75 
382 
405 
104 
326 
372 
279 
234 
59 
309 
191 
385 
422 
16 
225 
419 
32 
22 
225 
282 
61 
289 
368 
331 
129 
28 
323 
262 
298 
23 
274 
322 
207 
71 
408 
325 
271 
99 
264 
157 
125 
155 
13 
113 
20 
352 
40 
265 
224 
44 
27 
59 
328 
155 
116 
191 
64 
203 
324 
284 
235 
381 
386 
340 
144 
106 
73 
103 
185 
69 
232 
42 
131 
313 
238 
323 
159 
292 
198 
5 
226 
322 
151 
86 
72 
407 
292 
438 
42 
91 
143 
102 
246 
77 
407 
291 
263 
119 
94 
73 
277 
233 
137 
31 
292 
161 
322 
316 
6 
207 
212 
414 
83 
67 
333 
327 
39 
72 
324 
287 
41 
30 
285 
271 
317 
421 
26 
205 
169 
170 
355 
242 
21 
18 
57 
373 
147 
158 
156 
360 
386 
138 
328 
362 
18 
164 
427 
253 
18 
211 
228 
31 
168 
7 
191 
109 
70 
49 
271 
232 
121 
193 
90 
322 
408 
120 
121 
317 
25 
194 
214 
69 
197 
271 
15 
105 
125 
3 
53 
21 
226 
46 
195 
355 
375 
167 
223 
340 
332 
267 
135 
93 
50 
270 
291 
126 
305 
407 
297 
265 
110 
206 
187 
116 
137 
275 
194 
86 
380 
51 
300 
119 
87 
394 
289 
91 
104 
167 
364 
145 
334 
47 
101 
304 
70 
137 
175 
354 
384 
150 
162 
410 
418 
51 
57 
231 
90 
72 
256 
19 
134 
81 
321 
269 
33 
1 
174 
253 
76 
78 
329 
190 
216 
142 
394 
322 
392 
163 
15 
304 
194 
90 
76 
106 
272 
287 
165 
193 
66 
162 
324 
340 
62 
256 
86 
419 
263 
223 
140 
356 
168 
41 
130 
253 
136 
203 
240 
13 
67 
79 
394 
45 
288 
137 
32 
67 
260 
140 
167 
123 
120 
195 
173 
29 
155 
29 
317 
292 
98 
98 
122 
187 
331 
370 
139 
180 
359 
185 
40 
278 
414 
45 
118 
140 
288 
49 
303 
329 
183 
42 
6 
96 
262 
181 
385 
91 
262 
51 
249 
395 
275 
297 
121 
372 
55 
171 
186 
227 
417 
202 
27 
187 
45 
221 
154 
76 
124 
432 
401 
245 
410 
48 
326 
300 
143 
406 
399 
342 
353 
187 
318 
393 
38 
111 
290 
85 
87 
316 
1 
30 
25 
29 
30 
387 
212 
196 
18 
389 
1 
315 
2 
193 
110 
186 
121 
172 
194 
164 
395 
415 
172 
125 
290 
275 
244 
121 
123 
55 
30 
266 
91 
251 
411 
190 
361 
362 
262 
85 
314 
410 
183 
53 
27 
392 
412 
64 
67 
29 
124 
159 
427 
108 
222 
423 
166 
247 
176 
89 
423 
235 
433 
210 
271 
271 
98 
26 
97 
333 
420 
29 
229 
99 
354 
403 
383 
383 
52 
420 
79 
201 
317 
269 
247 
398 
407 
87 
205 
203 
333 
172 
253 
382 
407 
60 
109 
258 
62 
22 
395 
279 
168 
155 
174 
322 
426 
50 
393 
270 
18 
201 
55 
204 
33 
50 
32 
337 
59 
39 
3 
251 
304 
93 
332 
330 
173 
414 
272 
341 
164 
318 
144 
363 
135 
287 
267 
178 
319 
175 
425 
140 
261 
49 
322 
299 
147 
297 
309 
209 
236 
172 
62 
421 
281 
209 
257 
366 
366 
398 
340 
208 
344 
316 
189 
376 
269 
17 
50 
54 
346 
220 
299 
134 
105 
142 
162 
122 
8 
160 
4 
311 
153 
172 
126 
294 
256 
58 
356 
302 
415 
342 
142 
158 
250 
41 
201 
98 
180 
336 
98 
187 
37 
388 
71 
180 
363 
316 
288 
155 
304 
27 
338 
311 
207 
284 
253 
229 
233 
137 
358 
438 
432 
148 
82 
277 
38 
204 
51 
92 
291 
361 
52 
364 
164 
160 
200 
346 
243 
213 
404 
309 
89 
121 
106 
73 
226 
176 
73 
156 
94 
184 
396 
195 
283 
373 
60 
113 
433 
239 
222 
109 
300 
188 
189 
146 
390 
61 
20 
337 
56 
53 
265 
310 
214 
142 
66 
332 
215 
415 
98 
52 
117 
166 
111 
47 
269 
198 
250 
200 
169 
238 
268 
195 
192 
191 
85 
117 
128 
84 
438 
331 
312 
261 
386 
183 
314 
181 
135 
55 
344 
96 
132 
413 
173 
283 
77 
109 
124 
254 
331 
295 
50 
183 
161 
30 
29 
194 
98 
52 
182 
286 
22 
61 
182 
1 
15 
140 
100 
258 
389 
278 
361 
172 
107 
191 
318 
279 
11 
14 
426 
181 
87 
345 
26 
67 
397 
69 
166 
34 
313 
256 
342 
406 
316 
99 
98 
293 
429 
210 
21 
216 
115 
251 
19 
393 
302 
375 
383 
190 
247 
270 
431 
39 
315 
196 
430 
429 
104 
235 
291 
324 
132 
277 
262 
307 
343 
390 
294 
55 
26 
272 
405 
60 
308 
414 
31 
211 
304 
422 
200 
151 
348 
372 
432 
105 
220 
337 
144 
211 
37 
192 
373 
375 
111 
431 
275 
176 
376 
344 
217 
354 
209 
193 
410 
317 
44 
200 
415 
416 
436 
331 
381 
54 
102 
287 
377 
364 
402 
97 
335 
299 
102 
416 
426 
405 
98 
26 
60 
322 
422 
366 
107 
158 
36 
409 
301 
148 
109 
124 
283 
305 
97 
385 
186 
384 
33 
44 
182 
255 
423 
59 
27 
384 
123 
59 
139 
170 
284 
255 
304 
104 
415 
132 
80 
73 
236 
89 
324 
423 
262 
71 
12 
59 
134 
87 
306 
159 
132 
58 
189 
375 
422 
168 
74 
57 
108 
27 
55 
423 
229 
147 
111 
384 
351 
341 
134 
434 
406 
97 
198 
284 
38 
423 
146 
141 
328 
57 
417 
411 
77 
249 
406 
25 
249 
329 
317 
348 
279 
158 
137 
335 
202 
263 
171 
286 
142 
206 
82 
273 
353 
414 
104 
325 
381 
77 
321 
414 
272 
351 
203 
8 
424 
303 
369 
141 
9 
398 
181 
367 
106 
269 
404 
426 
292 
399 
230 
290 
173 
61 
276 
151 
248 
364 
72 
234 
319 
425 
304 
309 
7 
6 
108 
236 
62 
325 
411 
255 
40 
113 
184 
202 
251 
211 
213 
322 
154 
206 
100 
284 
68 
413 
20 
181 
390 
319 
108 
240 
27 
116 
422 
99 
93 
147 
151 
410 
287 
61 
10 
286 
28 
306 
127 
321 
91 
162 
369 
344 
326 
369 
377 
99 
35 
427 
328 
223 
411 
70 
113 
147 
133 
396 
320 
160 
229 
112 
323 
151 
113 
148 
225 
395 
259 
347 
305 
427 
196 
407 
235 
165 
32 
184 
194 
97 
396 
99 
109 
404 
401 
129 
377 
109 
320 
28 
155 
279 
357 
110 
60 
27 
105 
321 
304 
419 
284 
166 
187 
350 
190 
84 
230 
152 
192 
363 
189 
154 
314 
237 
167 
199 
56 
407 
372 
291 
168 
216 
21 
341 
99 
113 
293 
153 
237 
3 
329 
200 
138 
374 
372 
250 
235 
405 
73 
412 
53 
303 
345 
428 
269 
126 
383 
131 
20 
156 
333 
102 
260 
294 
346 
404 
293 
100 
16 
69 
405 
71 
314 
92 
308 
3 
365 
221 
380 
321 
144 
283 
337 
125 
43 
127 
173 
113 
203 
241 
183 
101 
303 
123 
181 
112 
276 
121 
317 
72 
290 
349 
97 
51 
383 
287 
123 
196 
107 
347 
250 
374 
345 
366 
315 
99 
434 
434 
406 
67 
100 
120 
2 
119 
414 
427 
428 
302 
169 
438 
347 
225 
31 
438 
236 
91 
130 
308 
55 
342 
97 
315 
354 
108 
15 
62 
41 
108 
87 
54 
417 
1 
423 
394 
353 
132 
204 
167 
64 
239 
220 
157 
237 
194 
438 
302 
184 
38 
91 
144 
89 
206 
52 
131 
152 
189 
87 
397 
74 
332 
178 
46 
238 
199 
108 
38 
145 
189 
291 
77 
167 
172 
154 
343 
345 
411 
110 
433 
393 
282 
11 
248 
134 
322 
171 
396 
180 
233 
233 
118 
296 
406 
380 
426 
354 
148 
423 
163 
36 
181 
148 
205 
192 
235 
127 
225 
63 
376 
1 
21 
304 
308 
304 
164 
354 
162 
394 
165 
96 
351 
343 
165 
182 
253 
12 
362 
57 
233 
203 
201 
138 
422 
148 
407 
84 
247 
112 
61 
3 
199 
79 
25 
287 
403 
337 
343 
437 
127 
157 
328 
61 
153 
100 
52 
357 
279 
236 
397 
297 
32 
165 
121 
371 
185 
57 
397 
335 
235 
203 
423 
246 
383 
360 
410 
54 
42 
106 
16 
108 
282 
121 
351 
224 
206 
178 
387 
97 
69 
393 
346 
172 
225 
