51.24
77.18
43.79
84.75
70.73
34.44
78.88
34.94
43.59
56.61
22.47
7.17
57.66
77.28
35.69
61.06
43.71
29.44
11.92
66.26
75.56
56.99
65.08
46.29
66.66
88.48
59.84
9.65
36.97
56.64
7.37
11.15
40.56
61.16
23.94
68.23
25.22
19.52
82.60
47.26
80.35
12.85
54.34
51.79
10.35
29.22
9.25
11.90
38.67
40.41
6.77
84.75
88.98
67.56
51.59
42.29
59.74
54.04
87.23
21.89
57.94
15.10
46.66
34.97
87.78
36.94
88.43
13.40
84.48
78.78
7.42
53.99
49.76
55.39
57.99
37.59
57.61
34.27
34.37
68.13
72.33
29.04
20.64
82.08
83.53
55.96
48.21
48.64
7.87
76.38
54.94
37.12
22.24
64.18
14.85
58.64
48.01
70.01
81.80
63.18
45.76
59.06
58.76
35.37
44.99
68.16
63.61
50.46
44.51
58.91
37.99
43.04
74.33
84.35
58.76
35.87
9.37
72.06
68.36
70.03
68.23
37.67
38.57
62.61
67.93
59.59
58.19
29.09
75.76
78.26
42.61
65.01
60.23
67.36
34.47
38.52
75.81
31.57
51.24
36.34
30.04
39.59
54.56
44.49
52.59
43.99
63.11
32.42
15.82
33.49
76.81
67.83
81.00
21.34
78.01
75.56
52.26
3.37
25.32
67.26
35.39
78.86
68.98
67.66
16.92
47.54
66.63
83.03
18.97
9.82
67.66
13.40
66.38
51.99
25.27
74.11
42.26
51.36
19.92
55.34
75.56
30.82
34.49
51.41
49.66
65.63
58.21
98.38
78.96
29.27
93.60
44.39
64.46
69.23
70.03
51.24
50.16
68.51
46.56
28.29
3.70
14.12
41.56
47.46
77.08
9.37
77.48
49.21
48.56
53.69
73.38
49.86
57.54
20.64
15.27
20.54
54.11
81.08
74.31
27.57
9.07
85.75
2.02
67.38
9.87
56.69
63.03
60.73
46.79
60.93
47.94
53.91
18.72
37.84
30.54
45.64
7.05
59.06
10.95
74.81
77.51
65.46
47.11
68.48
11.45
22.69
74.68
36.29
83.48
30.44
50.91
56.69
55.16
78.03
89.93
64.01
81.20
37.22
70.66
58.31
56.39
49.84
33.54
63.83
66.18
41.21
59.29
34.92
35.57
48.41
59.79
64.58
29.09
72.88
71.56
20.77
47.61
75.53
29.49
48.64
1.90
54.84
49.94
53.99
39.67
88.18
12.37
53.59
65.71
38.57
41.11
32.49
90.55
29.84
18.50
55.84
57.11
13.32
10.47
34.37
44.69
36.54
55.51
88.85
27.17
73.63
48.44
36.97
51.89
36.87
59.91
49.09
8.65
39.39
62.98
77.73
58.36
58.46
96.45
62.16
10.62
65.71
70.68
48.56
4.70
6.92
75.88
48.86
66.43
1.85
63.88
1.90
58.86
2.72
38.67
64.06
49.81
44.89
54.04
59.71
46.74
51.04
67.71
9.57
33.04
3.15
18.47
65.16
73.58
15.70
1.12
49.06
2.42
12.75
54.61
5.15
63.86
18.40
18.25
68.76
28.67
58.81
33.54
43.76
52.69
55.76
59.34
1.97
43.54
36.07
19.07
60.21
35.89
12.95
50.36
39.49
61.38
68.96
51.26
2.17
45.39
65.71
53.24
31.49
65.41
50.41
34.49
69.73
48.26
48.79
42.84
17.85
4.37
55.66
10.07
75.36
62.83
67.98
45.56
12.27
49.39
31.92
77.96
6.52
73.78
1.17
30.19
48.39
60.13
68.06
84.00
31.09
69.86
6.10
26.97
7.17
49.06
16.32
47.46
36.09
48.91
66.76
54.29
46.04
45.06
26.42
7.27
35.09
12.60
30.84
76.61
72.68
55.21
46.84
71.13
52.46
19.10
35.12
52.66
39.47
60.03
25.42
29.14
10.87
25.12
44.16
0.15
35.57
48.04
34.42
38.74
9.37
69.83
58.89
52.16
47.56
67.53
45.04
57.49
37.19
39.07
57.46
57.14
49.51
74.56
49.86
45.91
61.76
72.06
13.30
72.98
43.19
40.66
53.59
40.59
40.99
69.13
46.54
10.60
91.18
54.61
11.50
54.89
53.06
48.11
22.92
47.39
88.75
56.84
49.26
14.45
3.92
3.57
30.44
62.76
66.46
70.33
61.71
85.33
11.12
1.45
55.34
59.26
26.94
49.64
26.24
30.17
37.82
49.44
24.64
53.59
34.57
34.44
20.99
0.37
16.92
5.30
37.07
38.07
36.69
42.19
32.22
31.64
43.69
36.44
23.44
30.54
46.31
39.52
70.78
39.82
39.77
3.35
65.86
4.70
16.35
68.11
20.39
46.46
34.64
32.49
12.60
3.57
36.87
28.47
18.17
36.27
63.28
37.34
59.96
13.17
2.32
24.19
27.97
12.85
39.67
65.88
14.07
50.71
31.47
55.74
54.64
52.24
22.27
22.14
3.90
62.93
71.71
57.64
37.49
6.52
53.69
7.87
21.89
21.02
23.04
32.27
45.36
53.76
21.59
34.79
21.57
19.12
59.04
16.20
27.27
37.04
32.49
39.62
25.44
24.07
25.19
26.47
34.84
59.51
20.04
44.91
22.12
55.81
14.30
8.47
51.06
39.02
12.80
48.01
10.05
43.76
13.52
34.62
51.34
6.42
48.51
44.41
26.47
2.90
2.30
10.67
55.84
44.66
60.56
31.24
43.69
49.34
0.02
10.20
63.63
54.59
3.15
5.72
18.95
57.14
47.34
5.20
8.40
28.59
19.92
24.89
34.77
17.80
26.29
19.07
26.34
30.94
14.92
66.18
12.30
15.17
11.77
4.97
45.39
44.29
3.25
18.80
16.92
9.05
15.07
8.82
34.87
47.34
12.10
23.62
5.85
10.07
27.52
43.86
54.94
54.66
57.51
13.72
38.57
20.67
20.74
46.56
45.96
24.79
12.45
30.44
11.27
15.80
18.47
0.32
6.00
5.50
25.67
4.87
31.04
30.47
40.46
38.19
29.47
3.47
6.80
31.59
2.40
2.27
13.32
21.27
33.09
16.15
7.55
27.44
39.07
3.25
25.72
42.86
44.69
7.15
7.37
3.67
20.62
38.87
3.35
2.55
10.60
38.07
18.30
23.59
32.52
16.45
3.62
18.15
13.30
6.80
17.07
1.40
63.51
13.87
29.07
0.75
13.12
1.57
44.79
0.17
12.17
4.10
3.72
29.82
25.79
36.09
6.02
44.71
13.95
11.87
6.70
37.59
0.30
9.32
32.79
38.24
20.34
9.77
34.04
6.30
2.22
6.10
29.89
0.12
40.74
24.67
5.00
6.82
4.60
9.42
45.31
40.34
22.62
26.99
2.75
0.42
1.17
7.75
2.27
0.52
41.49
11.52
29.77
39.84
6.95
4.27
2.80
9.15
1.05
43.01
0.90
23.77
16.55
14.55
1.77
4.25
7.55
9.80
4.72
13.97
25.67
4.12
6.00
7.10
38.89
16.57
0.05
2.47
7.07
28.74
10.55
5.27
2.62
18.92
0.02
16.00
23.82
17.47
9.50
38.82
9.62
28.37
18.47
15.37
3.27
10.15
9.10
29.64
22.72
6.37
0.40
3.75
0.45
5.55
31.69
48.44
34.87
0.82
15.87
13.17
12.95
22.84
9.95
6.82
0.15
1.85
6.37
13.02
6.87
33.74
3.87
28.32
10.17
3.45
0.17
0.20
16.97
17.27
7.27
2.25
34.77
6.72
27.67
10.70
7.35
0.77
5.75
3.05
15.20
0.42
2.12
14.47
8.47
0.27
27.52
7.85
9.80
2.02
0.40
0.50
3.57
16.77
21.72
0.15
0.82
7.30
2.67
10.02
0.07
8.55
2.35
2.75
2.90
0.02
0.40
0.37
6.17
0.02
13.95
12.37
0.67
11.80
2.75
0.12
7.50
17.42
4.07
0.55
0.50
0.37
1.52
29.42
11.50
25.44
7.10
3.45
3.90
9.30
35.49
6.37
9.30
10.17
3.75
0.62
21.84
5.77
0.70
14.87
7.30
8.47
0.02
61.93
12.27
0.10
1.90
4.85
0.10
9.25
7.97
36.39
1.75
0.85
1.55
0.32
1.72
3.95
4.60
0.20
0.35
5.02
3.77
0.77
0.12
4.00
3.80
1.07
0.75
21.14
1.10
0.42
0.35
3.77
2.05
0.55
8.75
1.30
2.77
1.87
1.20
0.27
31.62
2.55
0.60
18.00
1.95
0.95
0.42
0.10
4.20
12.95
4.35
1.30
2.17
1.15
15.00
0.55
0.02
0.32
3.90
0.27
1.85
1.90
0.12
0.95
5.12
0.20
7.72
3.57
0.77
1.90
0.67
3.30
0.20
0.50
1.52
1.27
3.82
1.35
0.02
0.35
2.42
5.27
0.70
1.52
0.55
0.90
1.10
4.05
0.50
4.92
1.57
0.02
2.50
10.85
1.12
2.55
2.10
2.55
0.20
31.12
0.30
0.20
5.52
17.62
16.87
1.97
1.02
1.67
3.00
1.02
2.05
2.77
0.25
0.45
12.60
0.02
2.47
31.57
0.30
3.85
0.80
0.50
1.35
0.52
0.22
0.20
0.30
0.95
0.55
3.82
3.17
0.02
0.55
0.52
2.17
1.95
0.05
2.10
2.70
0.40
43.39
0.72
0.75
0.02
5.20
0.40
0.25
1.92
0.82
0.05
0.22
0.85
2.15
1.47
0.60
0.82
0.17
0.27
0.22
0.92
0.82
0.30
6.55
0.15
2.47
0.42
42.69
0.20
0.37
9.55
0.02
9.02
0.32
0.65
0.40
0.22
0.30
1.05
0.12
0.25
0.70
0.80
4.05
9.62
0.12
0.15
0.07
27.64
1.05
3.35
3.62
1.60
6.40
0.07
0.12
1.77
0.25
0.05
1.82
3.32
1.65
2.52
0.90
18.25
0.02
1.10
0.30
0.70
0.65
0.67
5.07
0.10
1.17
0.07
1.37
0.02
0.82
0.20
0.42
0.12
0.15
0.95
3.75
3.52
0.02
1.22
10.25
0.40
0.42
0.60
0.35
2.15
0.15
1.35
1.42
0.27
0.27
0.22
0.45
0.52
0.02
0.10
0.77
0.37
1.32
0.22
0.05
0.25
0.05
1.00
18.75
0.02
0.27
0.65
0.65
0.02
0.15
10.47
1.15
0.07
44.31
1.37
0.45
0.02
0.07
0.17
0.07
35.84
0.35
0.97
0.17
0.05
0.27
0.10
8.22
1.67
0.50
2.67
0.70
0.37
0.17
0.22
0.45
0.10
0.25
0.12
0.12
14.15
1.10
2.27
1.45
0.27
0.15
7.00
0.17
17.45
0.05
0.27
0.07
0.05
0.02
7.25
0.12
0.22
0.37
0.25
0.57
0.55
0.47
0.50
0.22
0.05
0.07
0.15
0.32
0.15
0.60
0.02
0.27
0.07
0.02
0.25
0.07
11.80
0.30
40.51
0.32
0.05
2.35
1.05
5.72
0.07
0.05
0.02
0.02
0.72
2.25
0.02
0.02
0.05
0.45
0.65
0.87
0.10
1.80
3.02
0.25
1.35
0.07
1.27
3.30
0.05
0.55
0.77
0.10
0.12
1.65
0.17
0.95
20.00
0.30
1.27
2.05
0.20
3.32
0.12
0.25
0.27
0.22
2.47
4.57
1.10
15.02
0.37
0.45
2.35
0.85
0.37
0.22
5.27
0.02
0.12
0.35
0.10
0.17
25.44
0.05
0.22
1.47
0.30
24.34
0.65
0.10
0.12
0.07
2.07
0.12
0.02
0.07
0.02
0.50
0.67
10.97
0.65
0.05
0.20
19.92
39.47
0.15
0.82
0.05
0.10
0.10
3.90
0.17
0.30
0.27
0.37
0.02
0.47
0.02
0.67
0.05
0.02
0.05
0.02
0.42
0.32
1.25
0.20
0.40
1.05
0.12
0.12
0.05
0.57
2.80
1.02
16.45
0.02
0.02
0.27
0.15
1.45
0.67
0.17
0.15
0.05
0.32
0.15
0.05
0.22
0.15
0.37
6.57
0.50
0.15
0.02
0.12
0.02
0.65
0.22
0.20
0.10
0.92
1.37
1.75
0.17
0.35
0.12
0.02
0.05
0.02
0.30
0.35
0.85
1.12
2.62
0.05
0.02
3.67
0.30
0.30
0.05
0.02
0.02
0.27
0.02
0.25
18.72
0.12
0.25
0.10
0.05
0.05
0.02
0.02
0.07
0.65
1.20
0.05
0.57
0.02
0.02
0.65
1.27
0.20
0.77
0.02
0.45
0.07
0.02
0.05
0.05
0.02
0.05
0.05
0.02
0.05
0.05
0.12
0.02
0.02
0.10
0.02
0.20
0.10
0.02
0.02
0.02
0.22
0.62
0.10
0.22
0.02
0.95
1.47
0.25
0.32
0.27
0.10
0.02
0.32
0.02
0.02
1.00
0.02
0.12
0.05
0.10
0.17
1.70
0.07
0.27
0.05
0.02
0.02
0.87
0.02
0.95
0.02
0.12
0.07
0.07
0.05
0.85
0.07
0.05
0.10
0.02
0.05
0.25
4.42
19.35
0.05
0.02
0.20
7.90
0.42
0.42
9.97
0.07
0.22
0.02
0.05
0.32
0.07
0.02
0.30
0.07
0.30
0.12
0.17
0.05
0.02
0.30
0.17
0.02
5.95
0.02
2.80
0.02
35.62
1.65
0.85
0.80
0.02
0.15
0.57
0.22
0.22
0.27
0.05
0.02
0.10
0.35
8.87
0.05
0.05
0.07
0.02
19.62
0.22
0.52
0.07
0.05
0.30
0.02
0.05
2.87
0.25
0.17
0.02
0.32
0.05
0.20
0.02
0.15
0.05
0.07
0.10
0.20
0.02
0.02
0.15
0.07
0.05
0.22
2.30
0.02
2.17
0.22
0.22
0.07
0.02
0.05
0.10
0.15
0.05
0.02
0.42
0.12
0.05
0.10
0.17
0.22
0.05
0.37
0.97
0.15
0.07
0.35
0.12
0.05
1.00
0.02
13.12
0.05
0.12
0.07
0.05
0.02
9.55
0.07
0.05
0.02
0.17
0.35
0.62
0.05
0.40
0.25
0.05
0.05
0.22
0.12
0.02
0.05
0.05
0.02
0.02
0.05
0.05
0.07
0.02
0.07
0.17
0.40
0.05
0.07
0.47
0.67
0.02
0.02
0.02
0.02
0.02
0.02
0.02
37.09
0.02
0.12
0.07
0.05
0.07
0.05
0.15
0.02
0.02
0.05
0.07
0.02
2.60
0.02
0.07
0.02
0.05
0.65
0.05
0.07
0.05
0.02
0.25
0.07
4.80
0.02
1.10
4.17
4.22
0.05
0.02
0.07
0.10
0.02
0.02
0.02
0.17
0.02
0.02
4.17
0.02
0.05
0.02
0.02
0.02
0.07
0.02
0.37
0.02
0.05
0.05
0.10
0.07
0.05
0.07
1.45
0.02
0.02
0.07
0.12
0.12
0.07
2.20
0.10
0.27
0.15
0.47
0.10
0.02
0.05
0.02
0.02
0.32
0.02
0.85
0.02
0.67
35.22
0.07
0.02
0.22
0.05
0.80
0.27
0.10
0.17
2.17
0.02
0.10
0.02
0.02
1.35
0.65
0.40
0.55
7.87
0.65
0.07
0.05
0.02
0.02
0.02
0.27
0.27
0.07
0.02
0.32
0.05
4.47
0.90
0.02
0.02
0.45
0.07
0.07
0.40
0.02
0.02
0.05
0.02
0.25
0.30
6.07
0.15
36.99
0.05
0.02
0.02
0.05
0.02
0.20
0.02
0.02
6.57
0.60
0.02
0.02
0.75
0.02
0.02
0.05
0.15
0.02
0.05
0.55
0.97
0.02
0.02
0.02
0.02
0.02
0.07
0.05
0.12
0.02
0.02
0.02
0.05
2.82
0.05
0.02
0.02
0.30
0.02
0.20
0.05
0.05
0.10
0.17
0.02
0.37
0.02
0.67
0.07
0.05
0.07
0.07
3.07
0.02
0.05
0.07
0.12
0.07
0.17
0.42
0.07
0.02
0.02
0.17
0.05
0.02
1.82
0.02
0.02
0.02
0.30
0.07
19.72
0.05
0.02
0.02
0.05
0.47
0.02
0.07
4.45
1.92
0.05
0.67
0.15
0.05
0.15
0.25
0.02
1.85
0.47
0.32
0.02
0.22
0.02
0.02
0.22
0.02
0.60
0.02
0.02
0.05
0.02
0.02
0.05
0.25
0.07
0.07
0.02
0.02
0.02
0.05
0.20
0.02
0.05
0.07
0.02
0.32
12.17
0.10
8.87
0.05
0.05
12.77
8.77
0.05
0.05
3.82
0.05
0.02
0.02
0.30
0.05
0.05
0.05
0.50
0.02
0.10
6.97
0.02
0.07
0.02
0.02
0.02
0.02
0.50
0.05
0.07
0.12
0.05
0.02
0.05
0.07
0.15
0.02
0.37
0.05
0.05
0.02
0.02
0.02
0.12
0.37
0.02
0.02
0.02
0.02
0.05
0.02
0.02
0.05
0.12
0.02
0.05
0.07
0.02
0.02
0.02
0.02
0.02
0.05
0.05
0.02
0.02
0.02
0.02
0.02
0.02
8.57
0.02
0.02
0.85
0.07
0.02
0.02
0.02
0.07
0.05
0.05
0.02
0.02
0.05
0.07
0.05
0.05
3.50
0.45
0.05
0.02
0.05
0.02
5.77
0.12
0.02
0.55
1.27
0.05
0.02
0.05
0.20
0.05
0.02
0.02
0.02
0.02
0.02
0.02
0.02
0.57
0.05
0.05
0.02
0.02
4.42
0.15
0.02
0.07
0.02
0.12
0.02
0.02
0.02
0.02
0.02
0.02
0.02
0.02
0.05
0.02
0.25
0.02
0.02
0.02
0.02
0.02
0.02
0.02
0.05
0.02
0.02
0.02
0.17
0.77
1.00
0.02
0.02
0.25
0.05
0.02
0.02
3.37
0.17
0.02
0.20
0.02
0.02
0.02
0.02
0.02
0.05
0.17
0.02
0.02
0.05
0.02
0.10
0.05
0.30
0.02
0.02
0.02
0.02
0.27
0.02
0.05
0.02
0.02
0.02
0.02
0.05
0.02
0.02
0.02
0.72
0.02
0.02
0.25
0.02
0.02
0.02
