329 
248 
334 
335 
319 
258 
255 
253 
293 
342 
291 
295 
262 
378 
318 
376 
373 
260 
259 
320 
256 
241 
257 
244 
243 
50 
41 
339 
297 
294 
379 
40 
40 
129 
272 
269 
237 
99 
28 
165 
167 
53 
61 
126 
308 
283 
435 
436 
301 
300 
233 
235 
264 
24 
25 
123 
64 
123 
124 
434 
386 
62 
170 
232 
63 
23 
21 
158 
217 
213 
430 
172 
232 
231 
53 
193 
194 
21 
155 
156 
88 
33 
214 
208 
209 
228 
64 
42 
193 
18 
41 
139 
85 
153 
393 
66 
419 
347 
14 
274 
340 
337 
69 
395 
178 
245 
66 
187 
350 
349 
349 
106 
78 
79 
24 
26 
112 
327 
324 
221 
355 
354 
399 
416 
80 
24 
269 
107 
95 
107 
108 
275 
275 
228 
227 
96 
329 
320 
401 
355 
402 
353 
408 
247 
252 
101 
78 
109 
77 
335 
332 
333 
290 
348 
317 
355 
2 
84 
82 
111 
283 
105 
234 
118 
234 
234 
226 
120 
309 
343 
291 
313 
318 
404 
292 
333 
2 
291 
288 
112 
233 
233 
285 
134 
309 
342 
318 
297 
294 
239 
251 
290 
48 
265 
237 
280 
310 
311 
370 
297 
236 
361 
312 
165 
238 
323 
164 
239 
163 
142 
139 
221 
162 
221 
53 
222 
222 
126 
299 
361 
264 
28 
316 
314 
315 
93 
263 
238 
161 
35 
143 
162 
167 
122 
218 
220 
307 
281 
305 
429 
297 
297 
280 
279 
375 
424 
421 
232 
262 
312 
233 
199 
318 
24 
94 
240 
241 
146 
60 
214 
121 
212 
213 
217 
378 
203 
362 
327 
193 
196 
166 
21 
195 
7 
315 
242 
159 
159 
58 
148 
210 
173 
379 
210 
170 
229 
230 
192 
192 
137 
192 
136 
181 
243 
151 
86 
213 
380 
214 
215 
381 
382 
226 
225 
189 
189 
192 
191 
18 
183 
149 
150 
151 
244 
174 
212 
385 
190 
189 
412 
141 
15 
147 
247 
183 
14 
153 
155 
380 
384 
386 
191 
186 
249 
249 
72 
77 
77 
78 
183 
75 
107 
392 
180 
403 
398 
330 
295 
316 
241 
51 
41 
3 
128 
311 
59 
310 
299 
202 
264 
198 
26 
279 
233 
196 
37 
212 
430 
63 
138 
40 
154 
87 
35 
215 
390 
304 
52 
16 
151 
33 
118 
15 
346 
150 
29 
394 
67 
50 
186 
348 
147 
271 
94 
114 
322 
398 
352 
335 
109 
110 
400 
402 
413 
229 
275 
108 
350 
85 
111 
116 
282 
285 
297 
253 
408 
291 
103 
340 
285 
300 
368 
331 
241 
264 
47 
139 
48 
164 
237 
238 
241 
163 
124 
128 
282 
372 
310 
422 
309 
199 
235 
329 
323 
165 
156 
163 
145 
221 
373 
423 
422 
321 
318 
135 
261 
146 
156 
54 
212 
307 
420 
418 
23 
150 
147 
70 
117 
208 
18 
306 
228 
413 
20 
9 
22 
259 
197 
191 
181 
152 
85 
202 
116 
207 
382 
168 
16 
185 
155 
157 
383 
191 
140 
01 
145 
145 
257 
112 
384 
384 
176 
409 
408 
106 
184 
103 
336 
51 
240 
2 
52 
27 
433 
382 
427 
216 
425 
192 
139 
20 
194 
157 
214 
392 
340 
91 
140 
103 
25 
274 
23 
108 
330 
357 
352 
315 
252 
46 
283 
309 
290 
359 
295 
2 
86 
284 
1 
287 
281 
129 
337 
426 
263 
324 
51 
62 
309 
424 
321 
266 
329 
165 
62 
298 
302 
201 
200 
25 
6 
240 
160 
276 
231 
167 
194 
260 
49 
154 
119 
122 
214 
379 
417 
157 
208 
245 
183 
152 
410 
14 
390 
185 
105 
104 
358 
292 
130 
284 
62 
236 
27 
6 
54 
19 
9 
83 
193 
391 
422 
345 
351 
72 
26 
113 
24 
74 
331 
324 
105 
334 
83 
336 
401 
301 
242 
44 
364 
370 
294 
240 
49 
18 
140 
119 
326 
262 
234 
157 
158 
98 
154 
413 
189 
149 
246 
146 
11 
255 
390 
392 
402 
245 
375 
265 
282 
29 
275 
234 
31 
5 
215 
91 
119 
34 
211 
51 
422 
419 
48 
150 
81 
149 
399 
120 
292 
257 
251 
426 
133 
31 
33 
219 
429 
166 
26 
419 
312 
168 
153 
220 
366 
195 
148 
79 
386 
409 
108 
326 
372 
283 
238 
61 
382 
195 
389 
426 
20 
229 
422 
339 
334 
278 
286 
105 
293 
314 
102 
1 
162 
330 
101 
273 
27 
278 
327 
211 
75 
183 
329 
376 
256 
266 
60 
124 
158 
17 
78 
20 
356 
43 
111 
234 
59 
28 
57 
100 
159 
120 
195 
8 
205 
328 
280 
239 
383 
390 
346 
148 
349 
77 
107 
402 
21 
112 
46 
131 
313 
234 
330 
162 
295 
165 
134 
230 
327 
155 
89 
76 
404 
296 
339 
53 
64 
147 
106 
353 
80 
412 
332 
370 
27 
257 
77 
281 
237 
7 
34 
296 
237 
325 
320 
134 
211 
216 
262 
83 
73 
337 
331 
53 
76 
328 
291 
45 
82 
289 
365 
314 
425 
359 
209 
139 
204 
323 
249 
25 
22 
59 
377 
207 
154 
203 
373 
390 
8 
332 
358 
361 
97 
423 
257 
330 
215 
232 
34 
202 
135 
190 
113 
74 
28 
302 
236 
124 
197 
121 
326 
290 
124 
124 
321 
29 
318 
213 
72 
158 
274 
19 
109 
129 
54 
64 
6 
230 
50 
156 
247 
273 
136 
226 
342 
22 
289 
139 
96 
53 
271 
236 
30 
308 
411 
300 
266 
113 
210 
190 
27 
141 
278 
195 
89 
313 
4 
304 
123 
189 
183 
292 
88 
335 
164 
98 
188 
338 
51 
252 
307 
172 
168 
173 
319 
388 
154 
169 
414 
186 
50 
60 
235 
64 
25 
350 
332 
137 
84 
356 
271 
36 
131 
220 
249 
80 
77 
100 
191 
213 
86 
184 
373 
396 
236 
11 
305 
198 
121 
73 
109 
276 
166 
166 
197 
64 
235 
327 
342 
54 
200 
89 
423 
264 
227 
143 
354 
201 
44 
1 
256 
140 
204 
260 
17 
93 
79 
397 
61 
292 
169 
35 
93 
99 
144 
137 
126 
124 
196 
220 
32 
158 
31 
318 
297 
127 
100 
161 
191 
101 
265 
171 
183 
37 
186 
43 
274 
190 
50 
122 
143 
292 
41 
305 
351 
187 
46 
8 
365 
262 
183 
387 
121 
345 
62 
252 
399 
277 
299 
124 
375 
59 
206 
407 
231 
420 
158 
243 
190 
49 
224 
158 
79 
127 
435 
100 
357 
286 
243 
329 
303 
207 
184 
402 
346 
20 
147 
365 
394 
60 
107 
293 
89 
190 
318 
130 
59 
30 
33 
132 
391 
216 
197 
122 
392 
1 
318 
134 
151 
113 
190 
125 
175 
197 
235 
400 
415 
174 
124 
294 
274 
154 
125 
127 
56 
125 
201 
95 
254 
102 
191 
17 
357 
266 
82 
317 
190 
180 
48 
26 
422 
416 
51 
91 
37 
128 
162 
430 
29 
221 
427 
137 
249 
304 
92 
426 
267 
436 
213 
274 
273 
260 
359 
100 
104 
424 
37 
229 
261 
357 
398 
387 
390 
59 
342 
82 
157 
353 
366 
246 
402 
411 
190 
207 
206 
103 
176 
350 
416 
410 
63 
26 
352 
56 
82 
399 
112 
166 
193 
177 
326 
375 
51 
397 
298 
121 
197 
61 
172 
31 
45 
36 
339 
56 
38 
1 
251 
306 
68 
21 
334 
175 
271 
277 
309 
198 
322 
148 
362 
137 
291 
269 
177 
323 
390 
426 
207 
266 
146 
328 
212 
151 
301 
311 
212 
235 
204 
55 
424 
282 
206 
312 
316 
98 
401 
312 
212 
346 
290 
151 
271 
366 
20 
65 
58 
346 
323 
358 
135 
108 
90 
164 
125 
66 
70 
2 
312 
245 
387 
127 
336 
260 
60 
356 
205 
419 
344 
145 
197 
251 
39 
157 
129 
184 
339 
366 
191 
38 
172 
48 
179 
366 
319 
267 
156 
306 
28 
39 
321 
210 
287 
256 
234 
237 
168 
357 
432 
438 
107 
131 
276 
53 
204 
4 
97 
295 
325 
239 
363 
222 
171 
175 
350 
43 
276 
406 
372 
92 
91 
106 
76 
229 
384 
76 
204 
94 
188 
401 
153 
287 
274 
40 
117 
430 
318 
223 
335 
275 
191 
191 
149 
392 
30 
232 
338 
53 
63 
236 
340 
218 
139 
7 
291 
221 
418 
260 
60 
121 
196 
156 
241 
378 
200 
254 
198 
168 
160 
104 
156 
196 
195 
89 
121 
138 
60 
342 
335 
301 
240 
383 
187 
287 
191 
135 
58 
397 
95 
161 
416 
380 
165 
176 
112 
120 
251 
335 
298 
62 
196 
166 
119 
38 
327 
328 
243 
181 
289 
26 
105 
186 
99 
19 
142 
397 
255 
393 
281 
320 
384 
229 
193 
363 
282 
68 
72 
344 
348 
192 
347 
29 
92 
01 
75 
287 
36 
349 
348 
345 
410 
236 
397 
99 
299 
305 
214 
51 
277 
119 
102 
23 
430 
303 
272 
386 
192 
254 
302 
434 
53 
351 
197 
433 
432 
107 
239 
295 
311 
77 
280 
265 
306 
339 
393 
297 
62 
30 
279 
405 
61 
311 
271 
30 
215 
308 
375 
173 
155 
312 
285 
435 
100 
221 
336 
206 
141 
38 
195 
374 
376 
115 
432 
215 
390 
375 
426 
226 
357 
212 
327 
413 
313 
47 
168 
418 
342 
432 
334 
384 
64 
104 
287 
379 
26 
297 
105 
332 
302 
105 
420 
427 
398 
2 
364 
52 
325 
425 
366 
110 
161 
38 
287 
304 
152 
105 
125 
105 
298 
156 
186 
189 
380 
36 
61 
384 
256 
379 
84 
30 
387 
126 
60 
143 
138 
292 
406 
305 
105 
382 
134 
76 
77 
240 
122 
328 
428 
100 
252 
16 
53 
4 
90 
309 
172 
132 
53 
192 
379 
370 
139 
78 
53 
112 
359 
61 
64 
232 
190 
114 
176 
329 
339 
82 
430 
410 
129 
196 
363 
339 
375 
146 
144 
287 
38 
342 
415 
76 
247 
409 
28 
249 
328 
354 
341 
283 
162 
169 
338 
170 
265 
220 
289 
138 
210 
138 
375 
356 
417 
107 
286 
384 
82 
312 
408 
279 
399 
174 
68 
308 
381 
370 
147 
13 
403 
185 
299 
346 
300 
183 
401 
298 
402 
234 
286 
176 
89 
368 
155 
246 
97 
14 
238 
356 
401 
308 
371 
135 
21 
112 
162 
5 
287 
283 
258 
53 
16 
397 
169 
407 
216 
216 
324 
197 
210 
262 
281 
96 
414 
24 
190 
394 
322 
111 
243 
30 
120 
425 
100 
96 
151 
190 
283 
290 
283 
14 
410 
129 
307 
129 
327 
73 
130 
267 
401 
361 
368 
271 
184 
31 
344 
330 
227 
411 
101 
78 
190 
118 
400 
323 
156 
232 
16 
18 
107 
113 
151 
229 
183 
405 
347 
308 
428 
192 
102 
233 
156 
29 
187 
190 
112 
400 
105 
112 
404 
425 
99 
381 
283 
323 
162 
158 
283 
20 
113 
59 
241 
102 
324 
305 
422 
165 
290 
103 
351 
193 
60 
234 
155 
264 
362 
193 
193 
290 
233 
166 
201 
88 
191 
422 
294 
201 
219 
25 
274 
100 
112 
297 
155 
264 
3 
333 
201 
142 
378 
375 
249 
266 
409 
76 
416 
50 
371 
269 
309 
106 
127 
386 
79 
354 
159 
336 
145 
262 
297 
347 
407 
296 
131 
156 
74 
409 
71 
318 
95 
371 
135 
271 
224 
383 
356 
103 
286 
340 
126 
47 
124 
176 
117 
172 
2 
186 
145 
305 
119 
140 
156 
227 
124 
290 
75 
291 
346 
260 
61 
386 
165 
127 
264 
111 
66 
253 
377 
106 
98 
319 
129 
436 
435 
409 
354 
131 
123 
131 
122 
414 
431 
432 
305 
138 
61 
394 
245 
30 
61 
291 
88 
129 
372 
53 
345 
129 
319 
353 
109 
12 
54 
44 
283 
90 
62 
420 
131 
426 
397 
245 
5 
156 
156 
8 
262 
171 
242 
320 
156 
62 
208 
142 
36 
95 
147 
93 
204 
5 
100 
156 
190 
91 
403 
28 
336 
176 
48 
242 
265 
107 
40 
141 
192 
294 
178 
315 
206 
157 
347 
432 
414 
101 
435 
390 
285 
15 
253 
6 
355 
170 
393 
181 
235 
235 
122 
299 
406 
269 
430 
357 
151 
428 
235 
36 
315 
152 
306 
190 
288 
124 
245 
65 
379 
131 
70 
300 
311 
308 
196 
20 
156 
398 
134 
259 
355 
347 
167 
183 
248 
16 
361 
60 
236 
202 
268 
8 
427 
107 
413 
83 
11 
116 
60 
241 
201 
82 
24 
165 
185 
340 
346 
432 
126 
153 
332 
129 
157 
103 
122 
247 
280 
163 
184 
300 
340 
134 
64 
374 
189 
30 
100 
334 
163 
270 
423 
352 
384 
373 
184 
64 
44 
342 
20 
111 
285 
124 
354 
226 
209 
180 
393 
28 
70 
183 
347 
206 
229 
